512.26
507.09
506.99
517.6
514.69
514.77
513.01
512.54
510.25
510.86
503.47
507.51
504.79
505.38
515.72
517.1
516.26
515.26
512.09
510.64
516.52
515.43
522.44
528.68
531.02
529.27
526.71
526.1
528.56
528.14
534.4
538.53
541.79
538.11
534.45
529.86
535.95
534.4
541.83
542.57
549.76
556.99
555.36
558.17
558.64
554.18
559.79
556.0
551.95
558.1
568.86
570.04
564.55
564.52
560.93
574.13
573.74
577.53
574.69
581.27
581.93
579.47
561.35
550.06
560.94
552.91
567.13
589.89
566.15
568.51
571.03
579.4
588.13
585.88
594.49
592.75
599.35
600.8
604.83
600.57
601.45
601.29
605.65
609.39
609.47
609.0
607.22
600.74
606.85
608.52
609.2
606.79
605.18
599.4
603.05
593.94
585.81
595.45
605.02
599.03
597.98
590.93
578.39
578.78
565.42
556.58
559.51
556.7
566.88
566.98
569.74
543.14
538.15
554.9
564.14
540.95
530.6
532.52
536.44
556.54
536.1
528.62
534.81
526.94
525.16
516.18
517.15
527.7
526.66
531.35
527.93
527.81
515.14
509.96
511.0
518.73
529.92
533.09
526.65
519.98
520.63
528.86
529.77
538.94
545.06
552.7
565.95
561.68
560.08
559.89
553.93
544.94
544.66
553.9
556.33
562.12
560.55
558.84
551.35
551.76
544.28
543.01
553.37
554.9
556.36
564.95
564.62
578.65
576.0
577.24
575.28
582.67
582.34
584.73
582.25
571.09
576.08
571.1
579.18
584.87
584.78
582.66
573.73
595.08
589.47
594.74
595.98
593.35
589.02
590.6
585.61
587.42
571.6
566.07
573.15
565.07
566.37
563.36
568.77
567.88
562.73
574.78
574.65
573.48
582.16
586.86
584.49
583.37
582.56
580.2
577.86
571.0
569.2
571.6
577.33
577.94
581.98
586.08
589.72
581.01
583.1
581.35
575.62
573.1
579.95
584.77
589.27
596.08
587.37
581.13
587.99
575.06
577.1
576.36
577.36
568.27
570.08
575.28
577.35
563.74
572.5
560.88
544.49
533.21
537.94
530.03
524.51
511.17
520.84
526.54